weights_sr {
dim1 : 0.37854889589905355
dim2 : 0.24605678233438483
dim3 : 0.17665615141955834
dim4 : 0.12302839116719241
dim5 : 0.07570977917981071
}

weights_rs {
dim1 : 0.3333333333333333
dim2 : 0.26666666666666666
dim3 : 0.2
dim4 : 0.13333333333333333
dim5 : 0.06666666666666667
}

weights_rr {
dim1 : 0.43795620437956206
dim2 : 0.21897810218978103
dim3 : 0.145985401459854
dim4 : 0.10948905109489052
dim5 : 0.08759124087591241
}

weights_re {
dim1 : 0.22642026412172325
dim2 : 0.21653758559593042
dim3 : 0.20443043028706878
dim4 : 0.18850691711531994
dim5 : 0.16410480287995755
}