weights_sr {
dim1 : 0.5217391304347826
dim2 : 0.3043478260869565
dim3 : 0.17391304347826086
}

weights_rs {
dim1 : 0.5
dim2 : 0.3333333333333333
dim3 : 0.16666666666666666
}

weights_rr {
dim1 : 0.5454545454545455
dim2 : 0.27272727272727276
dim3 : 0.18181818181818182
}

weights_re {
dim1 : 0.3669927494417608
dim2 : 0.3384069177166791
dim3 : 0.29460033284156006
}