weights_sr {
dim1 : 0.4363636363636364
dim2 : 0.27272727272727276
dim3 : 0.18181818181818182
dim4 : 0.1090909090909091
}

weights_rs {
dim1 : 0.4
dim2 : 0.3
dim3 : 0.2
dim4 : 0.1
}

weights_rr {
dim1 : 0.4800000000000001
dim2 : 0.24000000000000005
dim3 : 0.16
dim4 : 0.12000000000000002
}

weights_re {
dim1 : 0.27991631056633925
dim2 : 0.26426549301342617
dim3 : 0.2436813018392995
dim4 : 0.21213689458093501
}